4d 5a 90 00 03 00 00 00 04 00 00 00 ff ff 00 00
b8 00 00 00 00 00 00 00 40 00 00 00 00 00 00 00
00 00 00 00 00 00 00 00 00 00 00 00 00 00 00 00
00 00 00 00 00 00 00 00 00 00 00 00 b0 00 00 00
0e 1f ba 0e 00 b4 09 cd 21 b8 01 4c cd 21 54 68
69 73 20 70 72 6f 67 72 61 6d 20 63 61 6e 6e 6f
74 20 62 65 20 72 75 6e 20 69 6e 20 44 4f 53 20
6d 6f 64 65 2e 0d 0d 0a 24 00 00 00 00 00 00 00
1e 08 16 02 5a 69 78 51 5a 69 78 51 5a 69 78 51
d4 76 6b 51 4d 69 78 51 a6 49 6a 51 5b 69 78 51
83 1d 7a 50 5b 69 78 51 52 69 63 68 5a 69 78 51
50 45 00 00 4c 01 03 00 76 35 62 60 00 00 00 00
00 00 00 00 e0 00 02 01 0b 01 0e 1c 90 03 00 00
50 02 00 00 00 00 00 00 00 04 00 00 20 02 00 00
b0 05 00 00 00 00 40 00 10 00 00 00 10 00 00 00
06 00 00 00 00 00 00 00 06 00 00 00 00 00 00 00
00 08 00 00 20 02 00 00 00 00 00 00 02 00 40 81
00 00 10 00 00 10 00 00 00 00 10 00 00 10 00 00
00 00 00 00 10 00 00 00 00 00 00 00 00 00 00 00
fc 05 00 00 50 00 00 00 00 00 00 00 00 00 00 00
00 00 00 00 00 00 00 00 00 00 00 00 00 00 00 00
c0 07 00 00 3c 00 00 00 34 03 00 00 1c 00 00 00
00 00 00 00 00 00 00 00 00 00 00 00 00 00 00 00
00 00 00 00 00 00 00 00 00 00 00 00 00 00 00 00
00 00 00 00 00 00 00 00 b0 05 00 00 4c 00 00 00
00 00 00 00 00 00 00 00 00 00 00 00 00 00 00 00
00 00 00 00 00 00 00 00 2e 74 65 78 74 00 00 00
82 03 00 00 20 02 00 00 90 03 00 00 20 02 00 00
00 00 00 00 00 00 00 00 00 00 00 00 20 00 00 60
2e 69 64 61 74 61 00 00 0c 02 00 00 b0 05 00 00
10 02 00 00 b0 05 00 00 00 00 00 00 00 00 00 00
00 00 00 00 40 00 00 40 2e 72 65 6c 6f 63 00 00
3c 00 00 00 c0 07 00 00 40 00 00 00 c0 07 00 00
00 00 00 00 00 00 00 00 00 00 00 00 40 00 00 42
58 00 44 61 76 65 27 73 20 41 70 70 00 54 68 69
73 20 66 75 6c 6c 79 20 66 75 6e 63 74 69 6f 6e
61 6c 20 61 6e 64 20 70 61 69 6e 74 69 6e 67 20
57 69 6e 64 6f 77 73 20 61 70 70 6c 69 63 61 74
69 6f 6e 20 69 73 20 75 6e 64 65 72 20 32 4b 0d
54 68 69 73 20 61 70 70 6c 69 63 61 74 69 6f 6e
20 69 73 20 73 6d 61 6c 6c 20 65 6e 6f 75 67 68
20 74 6f 20 66 69 74 20 65 6e 74 69 72 65 6c 79
20 77 69 74 68 69 6e 20 61 20 51 52 20 63 6f 64
65 2e 0d 0d 54 68 69 73 20 61 70 70 6c 69 63 61
74 69 6f 6e 20 77 61 73 20 77 72 69 74 74 65 6e
20 62 79 20 44 61 76 65 20 50 6c 75 6d 6d 65 72
2e 0d 28 63 29 20 32 30 32 31 20 50 6c 75 6d 6d
65 72 27 73 20 53 6f 66 74 77 61 72 65 20 4c 4c
43 00 30 00 00 00 03 00 00 00 b6 04 40 00 00 00
00 00 00 00 00 00 00 00 00 00 00 7f 00 00 00 00
00 00 11 00 00 00 00 00 00 00 20 02 40 00 00 7f
00 00 00 00 00 00 00 00 76 35 62 60 00 00 00 00
0d 00 00 00 b0 00 00 00 50 03 00 00 50 03 00 00
00 00 00 00 20 02 00 00 14 01 00 00 2e 64 61 74
61 00 00 00 34 03 00 00 1c 00 00 00 2e 72 64 61
74 61 00 00 50 03 00 00 b0 00 00 00 2e 72 64 61
74 61 24 7a 7a 7a 64 62 67 00 00 00 00 04 00 00
a2 01 00 00 2e 74 65 78 74 00 00 00 b0 05 00 00
4c 00 00 00 2e 69 64 61 74 61 24 35 00 00 00 00
fc 05 00 00 3c 00 00 00 2e 69 64 61 74 61 24 32
00 00 00 00 38 06 00 00 14 00 00 00 2e 69 64 61
74 61 24 33 00 00 00 00 4c 06 00 00 4c 00 00 00
2e 69 64 61 74 61 24 34 00 00 00 00 98 06 00 00
24 01 00 00 2e 69 64 61 74 61 24 36 00 00 00 00
55 8b ec 83 c4 dc 6a 00 e8 35 01 00 00 a3 16 03
40 00 8b 45 dc 68 00 7f 00 00 6a 00 e8 5d 01 00
00 a3 1a 03 40 00 a3 2e 03 40 00 68 00 7f 00 00
6a 00 e8 41 01 00 00 a3 1e 03 40 00 8d 05 02 03
40 00 50 e8 42 01 00 00 6a 00 ff 75 dc 6a 00 6a
00 68 e0 01 00 00 68 80 02 00 00 68 00 00 00 80
68 00 00 00 80 68 00 00 cf 10 68 22 02 40 00 68
20 02 40 00 6a 00 e8 d3 00 00 00 83 f8 00 74 34
89 45 e0 50 e8 0d 01 00 00 6a 00 6a 00 6a 00 8d
45 e4 50 e8 da 00 00 00 83 f8 00 74 14 8d 45 e4
50 e8 ea 00 00 00 8d 45 e4 50 e8 ab 00 00 00 eb
d8 8b 45 ec c9 c3 55 8b ec 83 c4 ac 83 7d 0c 02
75 0d 6a 00 e8 bb 00 00 00 33 c0 c9 c2 10 00 83
7d 0c 0f 75 57 8d 45 c0 50 ff 75 08 e8 67 00 00
00 89 45 ac 6a 01 ff 75 ac e8 ae 00 00 00 8d 45
b0 50 ff 75 08 e8 72 00 00 00 b8 50 00 00 00 89
45 b4 68 11 20 00 00 8d 45 b0 50 6a ff 68 2d 02
40 00 ff 75 ac e8 46 00 00 00 8d 45 c0 50 ff 75
08 e8 40 00 00 00 33 c0 c9 c2 10 00 ff 75 14 ff
75 10 ff 75 0c ff 75 08 e8 17 00 00 00 c9 c2 10
00 cc ff 25 b8 05 40 00 ff 25 d4 05 40 00 ff 25
f0 05 40 00 ff 25 c0 05 40 00 ff 25 c4 05 40 00
ff 25 c8 05 40 00 ff 25 cc 05 40 00 ff 25 d0 05
40 00 ff 25 f4 05 40 00 ff 25 d8 05 40 00 ff 25
dc 05 40 00 ff 25 e0 05 40 00 ff 25 e4 05 40 00
ff 25 e8 05 40 00 ff 25 ec 05 40 00 ff 25 b0 05
40 00 00 00 00 00 00 00 00 00 00 00 00 00 00 00
a6 07 00 00 00 00 00 00 98 06 00 00 00 00 00 00
da 06 00 00 ec 06 00 00 00 07 00 00 0c 07 00 00
18 07 00 00 ba 06 00 00 36 07 00 00 44 07 00 00
50 07 00 00 62 07 00 00 76 07 00 00 8a 07 00 00
c8 06 00 00 28 07 00 00 00 00 00 00 54 06 00 00
00 00 00 00 00 00 00 00 ac 06 00 00 b8 05 00 00
5c 06 00 00 00 00 00 00 00 00 00 00 9a 07 00 00
c0 05 00 00 4c 06 00 00 00 00 00 00 00 00 00 00
b2 07 00 00 b0 05 00 00 00 00 00 00 00 00 00 00
00 00 00 00 00 00 00 00 00 00 00 00 a6 07 00 00
00 00 00 00 98 06 00 00 00 00 00 00 da 06 00 00
ec 06 00 00 00 07 00 00 0c 07 00 00 18 07 00 00
ba 06 00 00 36 07 00 00 44 07 00 00 50 07 00 00
62 07 00 00 76 07 00 00 8a 07 00 00 c8 06 00 00
28 07 00 00 00 00 00 00 34 01 47 65 74 4d 6f 64
75 6c 65 48 61 6e 64 6c 65 41 00 00 6b 65 72 6e
65 6c 33 32 2e 64 6c 6c 00 00 0b 00 42 65 67 69
6e 50 61 69 6e 74 00 00 56 00 43 72 65 61 74 65
57 69 6e 64 6f 77 45 78 41 00 83 00 44 65 66 57
69 6e 64 6f 77 50 72 6f 63 41 00 00 93 00 44 69
73 70 61 74 63 68 4d 65 73 73 61 67 65 41 00 00
aa 00 44 72 61 77 54 65 78 74 41 00 b6 00 45 6e
64 50 61 69 6e 74 00 00 e9 00 47 65 74 43 6c 69
65 6e 74 52 65 63 74 00 22 01 47 65 74 4d 65 73
73 61 67 65 41 00 94 01 4c 6f 61 64 43 75 72 73
6f 72 41 00 98 01 4c 6f 61 64 49 63 6f 6e 41 00
d5 01 50 6f 73 74 51 75 69 74 4d 65 73 73 61 67
65 00 e1 01 52 65 67 69 73 74 65 72 43 6c 61 73
73 45 78 41 00 00 5e 02 54 72 61 6e 73 6c 61 74
65 4d 65 73 73 61 67 65 00 00 6a 02 55 70 64 61
74 65 57 69 6e 64 6f 77 00 00 75 73 65 72 33 32
2e 64 6c 6c 00 00 35 01 53 65 74 42 6b 4d 6f 64
65 00 67 64 69 33 32 2e 64 6c 6c 00 00 00 00 00
00 00 00 00 3c 00 00 00 0a 33 2a 33 0e 34 22 34
27 34 38 34 3e 34 6b 34 70 34 0e 35 44 35 4a 35
50 35 56 35 5c 35 62 35 68 35 6e 35 74 35 7a 35
80 35 86 35 8c 35 92 35 98 35 9e 35 00 00 00 00
